# F814W_COSMOS
6770.0	0.0
6795.0	0.0
6820.0	0.00507772
6845.0	0.00632244
6870.0	0.00801601
6895.0	0.0166469
6920.0	0.0408718
6945.0	0.0855554
6970.0	0.153468
6995.0	0.227884
7020.0	0.319356
7045.0	0.432263
7070.0	0.540028
7095.0	0.635165
7120.0	0.708753
7145.0	0.76942
7170.0	0.814173
7195.0	0.870048
7220.0	0.909087
7245.0	0.943264
7270.0	0.968509
7295.0	0.970118
7320.0	0.973835
7345.0	0.981978
7370.0	0.979239
7395.0	0.994148
7420.0	0.987328
7445.0	1.0
7470.0	0.986963
7495.0	0.987453
7520.0	0.969203
7545.0	0.950323
7570.0	0.937392
7595.0	0.93383
7620.0	0.933227
7645.0	0.95935
7670.0	0.965705
7695.0	0.944887
7720.0	0.926779
7745.0	0.905032
7770.0	0.889786
7795.0	0.871721
7820.0	0.875275
7845.0	0.880687
7870.0	0.888375
7895.0	0.884818
7920.0	0.881213
7945.0	0.868119
7970.0	0.850679
7995.0	0.852721
8020.0	0.835719
8045.0	0.832868
8070.0	0.82308
8095.0	0.816062
8120.0	0.821502
8145.0	0.800387
8170.0	0.793116
8195.0	0.782391
8220.0	0.775516
8245.0	0.765629
8270.0	0.75989
8295.0	0.750009
8320.0	0.735715
8345.0	0.72803
8370.0	0.720259
8395.0	0.712167
8420.0	0.704811
8445.0	0.697845
8470.0	0.68359
8495.0	0.674558
8520.0	0.669911
8545.0	0.659816
8570.0	0.660902
8595.0	0.645666
8620.0	0.633866
8645.0	0.625317
8670.0	0.614457
8695.0	0.601004
8720.0	0.589566
8745.0	0.577346
8770.0	0.56827
8795.0	0.561114
8820.0	0.555257
8845.0	0.54819
8870.0	0.536475
8895.0	0.524253
8920.0	0.507437
8945.0	0.497234
8970.0	0.479978
8995.0	0.473639
9020.0	0.46916
9045.0	0.457517
9070.0	0.447358
9095.0	0.434521
9120.0	0.427224
9145.0	0.415351
9170.0	0.4082
9195.0	0.401189
9220.0	0.395913
9245.0	0.387202
9270.0	0.382809
9295.0	0.372307
9320.0	0.363735
9345.0	0.352943
9370.0	0.342497
9395.0	0.330765
9420.0	0.312396
9445.0	0.298893
9470.0	0.282487
9495.0	0.270322
9520.0	0.265211
9545.0	0.250879
9570.0	0.187569
9595.0	0.0911476
9620.0	0.0390222
9645.0	0.0
9670.0	0.0
