# lambda response
# Subaru-HSC Y +atm lambda_c=
        9000.000000000000     0.008799110000000001
        9020.000000000000     0.003823220000000000
        9040.000000000000    0.0003206500000000000
        9060.000000000000     0.003549350000000000
        9080.000000000000     0.001736550000000000
        9100.000000000000     0.005897110000000000
        9120.000000000000     0.004663490000000000
        9140.000000000000     0.008849750000000000
        9160.000000000000      0.01357747000000000
        9180.000000000000      0.01643723000000000
        9200.000000000000      0.02985891000000000
        9220.000000000000      0.04201387000000000
        9240.000000000000      0.06092629000000000
        9260.000000000000      0.09692776000000000
        9280.000000000000       0.1293631000000000
        9300.000000000000       0.1621242600000000
        9320.000000000000       0.2005215200000000
        9340.000000000000       0.2299991900000000
        9360.000000000000       0.2718949300000000
        9380.000000000000       0.3268426900000000
        9400.000000000000       0.3733953900000000
        9420.000000000000       0.4103066300000000
        9440.000000000000       0.4141973900000000
        9460.000000000000       0.4121226200000000
        9480.000000000000       0.4228997100000000
        9500.000000000000       0.4319170200000000
        9520.000000000000       0.4234706900000000
        9540.000000000000       0.4129159100000000
        9560.000000000000       0.4238829800000000
        9580.000000000000       0.4312707500000000
        9600.000000000000       0.4434734000000000
        9620.000000000000       0.4546206800000000
        9640.000000000000       0.4616130300000000
        9660.000000000000       0.4703963900000000
        9680.000000000000       0.4781854800000000
        9700.000000000000       0.4856423000000000
        9720.000000000000       0.4691955000000000
        9740.000000000000       0.4547832300000000
        9760.000000000000       0.4508288900000000
        9780.000000000000       0.4484813900000000
        9800.000000000000       0.4451754000000000
        9820.000000000000       0.4384941500000000
        9840.000000000000       0.4343138400000000
        9860.000000000000       0.4283273500000000
        9880.000000000000       0.4172904700000000
        9900.000000000000       0.4061776500000000
        9920.000000000000       0.3933760300000000
        9940.000000000000       0.3806173900000000
        9960.000000000000       0.3686703300000000
        9980.000000000000       0.3554372800000000
        10000.00000000000       0.3439369100000000
        10020.00000000000       0.3281679400000000
        10040.00000000000       0.3123027500000000
        10060.00000000000       0.2967421200000000
        10080.00000000000       0.2815751400000000
        10100.00000000000       0.2677098200000000
        10120.00000000000       0.2533866000000000
        10140.00000000000       0.2378608700000000
        10160.00000000000       0.2221446500000000
        10180.00000000000       0.2059767400000000
        10200.00000000000       0.1901539100000000
        10220.00000000000       0.1796916500000000
        10240.00000000000       0.1686070700000000
        10260.00000000000       0.1578193100000000
        10280.00000000000       0.1468146600000000
        10300.00000000000       0.1356059500000000
        10320.00000000000       0.1244082600000000
        10340.00000000000       0.1131335000000000
        10360.00000000000       0.1021243200000000
        10380.00000000000      0.09110578000000000
        10400.00000000000      0.08014750000000000
        10420.00000000000      0.07660732000000001
        10440.00000000000      0.07283699000000000
        10460.00000000000      0.06903283000000000
        10480.00000000000      0.06534099000000000
        10500.00000000000      0.06141504000000000
        10520.00000000000      0.05769503000000000
        10540.00000000000      0.05382653000000000
        10560.00000000000      0.04970033000000000
        10580.00000000000      0.04554733000000000
        10600.00000000000      0.04106229000000000
        10620.00000000000      0.03620148000000000
        10640.00000000000      0.03111676000000000
        10660.00000000000      0.02568444000000000
        10680.00000000000      0.02027081000000000
        10700.00000000000      0.01518604000000000
        10720.00000000000      0.01068926000000000
        10740.00000000000     0.007010770000000000
        10760.00000000000     0.004182730000000000
        10780.00000000000     0.002206910000000000
        10800.00000000000    0.0009235200000000000
        10820.00000000000    0.0001991000000000000
        10840.00000000000   -0.0001512800000000000
        10860.00000000000   -0.0002738800000000000
        10880.00000000000   -0.0002919200000000000
        10900.00000000000   -0.0002346000000000000
        10920.00000000000   -0.0002018600000000000
        10940.00000000000   -0.0001837400000000000
        10960.00000000000   -0.0001429500000000000
        10980.00000000000   -0.0001736800000000000
        11000.00000000000   -0.0001734200000000000
