# IRAC2_COSMOS
38050.0	0.0
38200.0	0.0
38350.0	0.000252893
38500.0	0.000244823
38650.0	0.000654356
38800.0	0.00104361
38950.0	0.00236495
39100.0	0.00519
39250.0	0.0119012
39400.0	0.0242473
39550.0	0.0477201
39700.0	0.0957037
39850.0	0.207333
40000.0	0.42808
40150.0	0.648503
40300.0	0.734621
40450.0	0.725969
40600.0	0.690196
40750.0	0.652864
40900.0	0.625477
41050.0	0.619015
41200.0	0.635005
41350.0	0.673362
41500.0	0.731445
41650.0	0.792825
41800.0	0.843607
41950.0	0.881577
42100.0	0.903782
42250.0	0.912039
42400.0	0.907955
42550.0	0.890477
42700.0	0.872496
42850.0	0.863557
43000.0	0.872154
43150.0	0.891533
43300.0	0.912805
43450.0	0.929754
43600.0	0.938865
43750.0	0.950269
43900.0	0.962072
44050.0	0.977211
44200.0	0.990026
44350.0	0.997566
44500.0	1.0
44650.0	0.997717
44800.0	0.992455
44950.0	0.982453
45100.0	0.966728
45250.0	0.950847
45400.0	0.93799
45550.0	0.928006
45700.0	0.922862
45850.0	0.91476
46000.0	0.904455
46150.0	0.888243
46300.0	0.866835
46450.0	0.860914
46600.0	0.866029
46750.0	0.877698
46900.0	0.890575
47050.0	0.903218
47200.0	0.906322
47350.0	0.900472
47500.0	0.888557
47650.0	0.872218
47800.0	0.854462
47950.0	0.837966
48100.0	0.826195
48250.0	0.818587
48400.0	0.81598
48550.0	0.815124
48700.0	0.813811
48850.0	0.812739
49000.0	0.813745
49150.0	0.812241
49300.0	0.799835
49450.0	0.763561
49600.0	0.713004
49750.0	0.680686
49900.0	0.689665
50050.0	0.658621
50200.0	0.414079
50350.0	0.140217
50500.0	0.0480761
50650.0	0.0
50800.0	0.0
