# IRAC4_COSMOS
60200.0	0.0
60460.0	0.0
60720.0	0.000612029
60980.0	0.00111982
61240.0	0.000814477
61500.0	0.000716978
61760.0	0.000627541
62020.0	0.000831348
62280.0	0.000566949
62540.0	0.00109169
62800.0	0.0014839
63060.0	0.00204309
63320.0	0.00454511
63580.0	0.0226652
63840.0	0.101833
64100.0	0.238335
64360.0	0.400058
64620.0	0.540699
64880.0	0.597316
65140.0	0.658779
65400.0	0.709402
65660.0	0.729797
65920.0	0.739738
66180.0	0.741349
66440.0	0.734997
66700.0	0.722779
66960.0	0.693562
67220.0	0.71672
67480.0	0.751881
67740.0	0.756701
68000.0	0.777566
68260.0	0.795663
68520.0	0.801014
68780.0	0.80309
69040.0	0.801842
69300.0	0.793326
69560.0	0.794176
69820.0	0.803146
70080.0	0.78545
70340.0	0.766343
70600.0	0.77798
70860.0	0.776256
71120.0	0.771029
71380.0	0.787531
71640.0	0.79376
71900.0	0.775094
72160.0	0.776583
72420.0	0.802406
72680.0	0.822146
72940.0	0.818873
73200.0	0.809206
73460.0	0.809512
73720.0	0.822491
73980.0	0.836364
74240.0	0.838489
74500.0	0.822646
74760.0	0.811361
75020.0	0.836453
75280.0	0.879069
75540.0	0.9006
75800.0	0.910454
76060.0	0.922017
76320.0	0.914449
76580.0	0.896257
76840.0	0.903465
77100.0	0.926795
77360.0	0.927597
77620.0	0.914001
77880.0	0.911137
78140.0	0.917923
78400.0	0.92051
78660.0	0.932273
78920.0	0.954809
79180.0	0.964054
79440.0	0.95224
79700.0	0.93617
79960.0	0.936901
80220.0	0.951244
80480.0	0.966554
80740.0	0.969579
81000.0	0.970726
81260.0	0.981493
81520.0	0.990378
81780.0	0.981711
82040.0	0.970445
82300.0	0.973792
82560.0	0.990395
82820.0	0.996112
83080.0	0.991558
83340.0	0.993663
83600.0	0.997484
83860.0	0.989789
84120.0	0.971967
84380.0	0.969854
84640.0	0.987576
84900.0	1.0
85160.0	0.995774
85420.0	0.983363
85680.0	0.982476
85940.0	0.986902
86200.0	0.986311
86460.0	0.985773
86720.0	0.979641
86980.0	0.958987
87240.0	0.926127
87500.0	0.906191
87760.0	0.90956
88020.0	0.931667
88280.0	0.949492
88540.0	0.947745
88800.0	0.933902
89060.0	0.924336
89320.0	0.91761
89580.0	0.910751
89840.0	0.905847
90100.0	0.901786
90360.0	0.894146
90620.0	0.879634
90880.0	0.864897
91140.0	0.85679
91400.0	0.849756
91660.0	0.838787
91920.0	0.812761
92180.0	0.770387
92440.0	0.715436
92700.0	0.65049
92960.0	0.581889
93220.0	0.520301
93480.0	0.463661
93740.0	0.401857
94000.0	0.329114
94260.0	0.259731
94520.0	0.199197
94780.0	0.142135
95040.0	0.0910724
95300.0	0.0527434
95560.0	0.0310182
95820.0	0.0192004
96080.0	0.0128833
96340.0	0.00865201
96600.0	0.00610532
96860.0	0.00357495
97120.0	0.00386132
97380.0	0.00378276
97640.0	0.00224577
97900.0	0.00166674
98160.0	0.00139926
98420.0	0.001674
98680.0	0.00111246
98940.0	0.00120912
99200.0	0.00143091
99460.0	0.00150771
99720.0	0.000957312
99980.0	0.000828978
100240.0	0.000812599
100500.0	0.00127572
100760.0	0.0
101020.0	0.0
