3.717260000000000218e+03 0.000000000000000000e+00
3.747280000000000200e+03 1.000000000000000048e-04
3.777300000000000182e+03 4.000000000000000192e-04
3.807880000000000109e+03 1.199999999999999895e-03
3.837889999999999873e+03 1.500000000000000031e-03
3.867889999999999873e+03 1.899999999999999996e-03
3.897900000000000091e+03 4.799999999999999580e-03
3.927900000000000091e+03 1.450000000000000074e-02
3.957900000000000091e+03 4.059999999999999720e-02
3.987889999999999873e+03 8.619999999999999885e-02
4.017880000000000109e+03 1.534000000000000086e-01
4.047869999999999891e+03 2.912000000000000144e-01
4.077850000000000364e+03 4.888000000000000123e-01
4.107829999999999927e+03 6.109999999999999876e-01
4.137810000000000400e+03 6.453999999999999737e-01
4.168340000000000146e+03 6.546999999999999487e-01
4.198310000000000400e+03 6.528000000000000469e-01
4.228279999999999745e+03 6.774999999999999911e-01
4.258239999999999782e+03 6.921000000000000485e-01
4.288199999999999818e+03 6.855999999999999872e-01
4.318149999999999636e+03 7.105000000000000204e-01
4.348100000000000364e+03 7.079999999999999627e-01
4.378619999999999891e+03 7.028999999999999693e-01
4.408559999999999491e+03 7.029999999999999583e-01
4.438500000000000000e+03 7.207999999999999963e-01
4.468439999999999600e+03 7.147999999999999909e-01
4.498369999999999891e+03 7.046999999999999931e-01
4.528300000000000182e+03 7.059999999999999609e-01
4.558779999999999745e+03 7.154000000000000359e-01
4.588699999999999818e+03 7.069999999999999618e-01
4.618619999999999891e+03 7.207999999999999963e-01
4.648529999999999745e+03 7.301999999999999602e-01
4.679010000000000218e+03 7.034000000000000252e-01
4.708909999999999854e+03 7.165000000000000258e-01
4.738809999999999491e+03 7.329999999999999849e-01
4.768710000000000036e+03 7.360999999999999766e-01
4.799159999999999854e+03 7.322999999999999510e-01
4.829049999999999272e+03 7.325000000000000400e-01
4.858940000000000509e+03 7.302999999999999492e-01
4.888819999999999709e+03 7.347000000000000197e-01
4.919250000000000000e+03 7.445000000000000506e-01
4.949130000000000109e+03 7.422999999999999599e-01
4.978989999999999782e+03 7.450999999999999845e-01
5.009420000000000073e+03 7.395000000000000462e-01
5.039279999999999745e+03 7.287000000000000144e-01
5.069130000000000109e+03 7.122000000000000552e-01
5.099539999999999964e+03 7.167999999999999927e-01
5.129389999999999418e+03 7.276000000000000245e-01
5.159229999999999563e+03 7.267000000000000126e-01
5.189629999999999200e+03 7.097999999999999865e-01
5.219460000000000036e+03 6.604999999999999760e-01
5.249289999999999964e+03 6.360999999999999988e-01
5.279670000000000073e+03 6.602999999999999980e-01
5.309489999999999782e+03 6.811000000000000387e-01
5.339869999999999891e+03 6.564999999999999725e-01
5.369679999999999382e+03 5.188000000000000389e-01
5.399479999999999563e+03 3.022000000000000242e-01
5.429840000000000146e+03 1.443000000000000116e-01
5.459640000000000327e+03 6.740000000000000158e-02
5.489989999999999782e+03 3.250000000000000111e-02
5.519769999999999527e+03 1.720000000000000001e-02
5.550119999999998981e+03 9.599999999999999159e-03
5.579890000000000327e+03 5.799999999999999600e-03
5.610230000000000473e+03 3.700000000000000164e-03
5.639989999999999782e+03 2.500000000000000052e-03
5.670320000000000618e+03 1.699999999999999905e-03
5.700069999999999709e+03 1.199999999999999895e-03
5.730380000000000109e+03 8.000000000000000383e-04
5.760130000000000109e+03 5.999999999999999474e-04
5.790430000000000291e+03 4.000000000000000192e-04
