6.300860000000000582e+03 0.000000000000000000e+00
6.331059999999999491e+03 1.000000000000000048e-04
6.360710000000000036e+03 2.999999999999999737e-04
6.390900000000000546e+03 8.999999999999999754e-04
6.421090000000000146e+03 2.599999999999999881e-03
6.451280000000000655e+03 4.000000000000000083e-03
6.480900000000000546e+03 3.899999999999999821e-03
6.511069999999999709e+03 3.799999999999999992e-03
6.541230000000000473e+03 4.400000000000000265e-03
6.571390000000000327e+03 5.899999999999999863e-03
6.600990000000000691e+03 8.500000000000000611e-03
6.631140000000000327e+03 1.329999999999999932e-02
6.661289999999999964e+03 2.179999999999999993e-02
6.691420000000000073e+03 3.679999999999999938e-02
6.721549999999999272e+03 6.130000000000000032e-02
6.751680000000000291e+03 1.009000000000000036e-01
6.781239999999999782e+03 1.635000000000000064e-01
6.811359999999999673e+03 2.580000000000000071e-01
6.841459999999999127e+03 3.758000000000000229e-01
6.871570000000000618e+03 4.924000000000000044e-01
6.901660000000000764e+03 5.672000000000000375e-01
6.931750000000000000e+03 5.893000000000000460e-01
6.961829999999999927e+03 5.825000000000000178e-01
6.991909999999999854e+03 5.706999999999999851e-01
7.021979999999999563e+03 5.653000000000000247e-01
7.052050000000000182e+03 5.678999999999999604e-01
7.082110000000000582e+03 5.757999999999999785e-01
7.112159999999999854e+03 5.856999999999999984e-01
7.142200000000000728e+03 5.954000000000000403e-01
7.172240000000000691e+03 6.031999999999999584e-01
7.202279999999999745e+03 6.068000000000000060e-01
7.232300000000000182e+03 6.027000000000000135e-01
7.262319999999999709e+03 5.920999999999999597e-01
7.292340000000000146e+03 5.768999999999999684e-01
7.322340000000000146e+03 5.607999999999999652e-01
7.352350000000000364e+03 5.474999999999999867e-01
7.382340000000000146e+03 5.392000000000000126e-01
7.412329999999999927e+03 5.359000000000000430e-01
7.442309999999999491e+03 5.356999999999999540e-01
7.472279999999999745e+03 5.355999999999999650e-01
7.502250000000000000e+03 5.335999999999999632e-01
7.532210000000000036e+03 5.303999999999999826e-01
7.562720000000000255e+03 5.276999999999999469e-01
7.592670000000000073e+03 5.273999999999999799e-01
7.622609999999999673e+03 5.302000000000000046e-01
7.652539999999999964e+03 5.345999999999999641e-01
7.682469999999999345e+03 5.376999999999999558e-01
7.712939999999999600e+03 5.375999999999999668e-01
7.742859999999999673e+03 5.330000000000000293e-01
7.772770000000000437e+03 5.261000000000000121e-01
7.802659999999999854e+03 5.189000000000000279e-01
7.833110000000000582e+03 5.131000000000000005e-01
7.863000000000000000e+03 5.080999999999999961e-01
7.892880000000000109e+03 5.034999999999999476e-01
7.922750000000000000e+03 4.980999999999999872e-01
7.953159999999999854e+03 4.912000000000000255e-01
7.983020000000000437e+03 4.829999999999999849e-01
8.012870000000000800e+03 4.742999999999999994e-01
8.043270000000000437e+03 4.648999999999999799e-01
8.073099999999999454e+03 4.556000000000000050e-01
8.103479999999999563e+03 4.460999999999999965e-01
8.133310000000000400e+03 4.374000000000000110e-01
8.163119999999999891e+03 4.304999999999999938e-01
8.193479999999999563e+03 4.258000000000000118e-01
8.223279999999998836e+03 4.262000000000000233e-01
8.253619999999998981e+03 4.270999999999999797e-01
8.283409999999999854e+03 4.224999999999999867e-01
8.313739999999999782e+03 4.067000000000000060e-01
8.343510000000000218e+03 3.750000000000000000e-01
8.373819999999999709e+03 3.242999999999999772e-01
8.403569999999999709e+03 2.577999999999999736e-01
8.433869999999998981e+03 1.837999999999999912e-01
8.463610000000000582e+03 1.203000000000000042e-01
8.493889999999999418e+03 7.430000000000000493e-02
8.523619999999998981e+03 4.540000000000000285e-02
8.553889999999999418e+03 2.869999999999999982e-02
8.583590000000000146e+03 1.899999999999999953e-02
8.613850000000000364e+03 1.310000000000000053e-02
8.644090000000000146e+03 9.700000000000000289e-03
8.673780000000000655e+03 7.700000000000000247e-03
8.704000000000000000e+03 6.300000000000000044e-03
8.734220000000001164e+03 5.199999999999999761e-03
8.763889999999999418e+03 4.400000000000000265e-03
8.794090000000000146e+03 3.599999999999999901e-03
8.824280000000000655e+03 2.599999999999999881e-03
8.854469999999999345e+03 1.799999999999999951e-03
8.884100000000000364e+03 1.199999999999999895e-03
8.914270000000000437e+03 8.000000000000000383e-04
8.944439999999998690e+03 5.000000000000000104e-04
8.974590000000000146e+03 2.999999999999999737e-04
9.004190000000000509e+03 2.000000000000000096e-04
9.034329999999999927e+03 2.000000000000000096e-04
9.064460000000000946e+03 1.000000000000000048e-04
