7.953159999999999854e+03 1.000000000000000048e-04
7.983020000000000437e+03 1.000000000000000048e-04
8.012870000000000800e+03 2.000000000000000096e-04
8.043270000000000437e+03 2.999999999999999737e-04
8.073099999999999454e+03 5.999999999999999474e-04
8.103479999999999563e+03 1.100000000000000066e-03
8.133310000000000400e+03 1.899999999999999996e-03
8.163119999999999891e+03 3.000000000000000062e-03
8.193479999999999563e+03 4.599999999999999922e-03
8.223279999999998836e+03 7.599999999999999985e-03
8.253619999999998981e+03 1.159999999999999920e-02
8.283409999999999854e+03 1.839999999999999969e-02
8.313739999999999782e+03 3.450000000000000289e-02
8.343510000000000218e+03 5.800000000000000294e-02
8.373819999999999709e+03 1.000999999999999945e-01
8.403569999999999709e+03 1.786000000000000087e-01
8.433869999999998981e+03 2.432999999999999885e-01
8.463610000000000582e+03 3.224000000000000199e-01
8.493889999999999418e+03 3.615999999999999770e-01
8.523619999999998981e+03 3.756999999999999784e-01
8.553889999999999418e+03 3.948999999999999733e-01
8.583590000000000146e+03 3.938999999999999724e-01
8.613850000000000364e+03 3.978999999999999759e-01
8.644090000000000146e+03 3.961999999999999966e-01
8.673780000000000655e+03 3.966000000000000081e-01
8.704000000000000000e+03 3.901999999999999913e-01
8.734220000000001164e+03 3.830999999999999961e-01
8.763889999999999418e+03 3.691999999999999726e-01
8.794090000000000146e+03 3.605999999999999761e-01
8.824280000000000655e+03 3.488999999999999879e-01
8.854469999999999345e+03 3.370000000000000218e-01
8.884100000000000364e+03 3.269000000000000239e-01
8.914270000000000437e+03 3.121999999999999775e-01
8.944439999999998690e+03 3.027000000000000246e-01
8.974590000000000146e+03 2.856000000000000205e-01
9.004190000000000509e+03 2.772000000000000020e-01
9.034329999999999927e+03 2.596999999999999864e-01
9.064460000000000946e+03 2.514000000000000123e-01
9.094579999999999927e+03 2.356999999999999929e-01
9.124690000000000509e+03 2.268000000000000016e-01
9.154799999999999272e+03 2.141000000000000125e-01
9.184889999999999418e+03 2.044999999999999873e-01
9.214430000000000291e+03 1.958999999999999908e-01
9.244510000000000218e+03 1.915000000000000036e-01
9.274579999999999927e+03 1.857000000000000040e-01
9.304649999999999636e+03 1.811000000000000110e-01
9.334700000000000728e+03 1.749999999999999889e-01
9.364750000000000000e+03 1.696000000000000008e-01
9.394779999999998836e+03 1.630999999999999950e-01
9.424809999999999491e+03 1.562999999999999945e-01
9.454829999999999927e+03 1.486000000000000099e-01
9.484840000000000146e+03 1.391999999999999904e-01
9.514840000000000146e+03 1.282999999999999974e-01
9.545380000000001019e+03 1.152999999999999997e-01
9.575370000000000800e+03 9.840000000000000135e-02
9.605340000000000146e+03 8.269999999999999574e-02
9.635309999999999491e+03 6.180000000000000077e-02
9.665260000000000218e+03 4.780000000000000221e-02
9.695209999999999127e+03 3.150000000000000022e-02
9.725149999999999636e+03 2.330000000000000127e-02
9.755629999999999200e+03 1.510000000000000057e-02
9.785549999999999272e+03 1.050000000000000065e-02
9.815460000000000946e+03 7.199999999999999803e-03
9.845370000000000800e+03 4.599999999999999922e-03
9.875800000000001091e+03 3.500000000000000073e-03
9.905689999999998690e+03 2.099999999999999870e-03
9.935560000000001310e+03 1.699999999999999905e-03
9.965430000000000291e+03 1.100000000000000066e-03
9.995829999999999927e+03 8.000000000000000383e-04
1.002570000000000073e+04 5.999999999999999474e-04
