5.100210000000000036e+03 1.000000000000000048e-04
5.130050000000000182e+03 1.000000000000000048e-04
5.159899999999999636e+03 2.000000000000000096e-04
5.190299999999999272e+03 2.000000000000000096e-04
5.220140000000000327e+03 2.000000000000000096e-04
5.249969999999999345e+03 2.999999999999999737e-04
5.280359999999999673e+03 5.999999999999999474e-04
5.310190000000000509e+03 1.100000000000000066e-03
5.340569999999999709e+03 2.099999999999999870e-03
5.370380000000000109e+03 4.199999999999999740e-03
5.400190000000000509e+03 7.700000000000000247e-03
5.430560000000000400e+03 1.329999999999999932e-02
5.460359999999999673e+03 2.280000000000000082e-02
5.490720000000000255e+03 4.189999999999999974e-02
5.520510000000000218e+03 7.969999999999999307e-02
5.550850000000000364e+03 1.482999999999999874e-01
5.580630000000000109e+03 2.555000000000000049e-01
5.610969999999999345e+03 3.706999999999999740e-01
5.640739999999999782e+03 4.627000000000000002e-01
5.671069999999999709e+03 5.393000000000000016e-01
5.700829999999999927e+03 6.074000000000000510e-01
5.731149999999999636e+03 6.643000000000000016e-01
5.760900000000000546e+03 6.965000000000000080e-01
5.791210000000000036e+03 7.068999999999999728e-01
5.820950000000000728e+03 7.076999999999999957e-01
5.851250000000000000e+03 7.099999999999999645e-01
5.880979999999999563e+03 7.123000000000000442e-01
5.911269999999999527e+03 7.150999999999999579e-01
5.940990000000000691e+03 7.154000000000000359e-01
5.971269999999999527e+03 7.150999999999999579e-01
6.001539999999999964e+03 7.186000000000000165e-01
6.031239999999999782e+03 7.243000000000000549e-01
6.061500000000000000e+03 7.305000000000000382e-01
6.091199999999999818e+03 7.317000000000000171e-01
6.121449999999999818e+03 7.274000000000000465e-01
6.151689999999999600e+03 7.185000000000000275e-01
6.181380000000000109e+03 7.085000000000000187e-01
6.211609999999999673e+03 6.996999999999999886e-01
6.241840000000000146e+03 6.921000000000000485e-01
6.271500000000000000e+03 6.892000000000000348e-01
6.301720000000000255e+03 6.904000000000000137e-01
6.331930000000000291e+03 6.942000000000000393e-01
6.361579999999999927e+03 7.000999999999999446e-01
6.391779999999999745e+03 7.055000000000000160e-01
6.421970000000000255e+03 7.072000000000000508e-01
6.452159999999999854e+03 7.020999999999999464e-01
6.481779999999999745e+03 6.946999999999999842e-01
6.511960000000000036e+03 6.885999999999999899e-01
6.542129999999999200e+03 6.858999999999999542e-01
6.572300000000000182e+03 6.853000000000000203e-01
6.601900000000000546e+03 6.879999999999999449e-01
6.632060000000000400e+03 6.896999999999999797e-01
6.662210000000000036e+03 6.878999999999999559e-01
6.692350000000000364e+03 6.836999999999999744e-01
6.722489999999999782e+03 6.767999999999999572e-01
6.752619999999998981e+03 6.740000000000000435e-01
6.782179999999999382e+03 6.749000000000000554e-01
6.812300000000000182e+03 6.794999999999999929e-01
6.842409999999999854e+03 6.823000000000000176e-01
6.872519999999999527e+03 6.740000000000000435e-01
6.902619999999998981e+03 6.351999999999999869e-01
6.932720000000000255e+03 5.449000000000000510e-01
6.962799999999999272e+03 4.093999999999999861e-01
6.992889999999999418e+03 2.753999999999999782e-01
7.022960000000000946e+03 1.817000000000000004e-01
7.053029999999999745e+03 1.265000000000000013e-01
7.083099999999999454e+03 1.004000000000000031e-01
7.113150000000000546e+03 9.589999999999999913e-02
7.143200000000000728e+03 1.019999999999999934e-01
7.173250000000000000e+03 7.860000000000000320e-02
7.203289999999999054e+03 3.059999999999999873e-02
7.233319999999999709e+03 8.699999999999999400e-03
7.263339999999999236e+03 2.799999999999999972e-03
7.293360000000000582e+03 1.100000000000000066e-03
7.323369999999999891e+03 5.000000000000000104e-04
7.353379999999999200e+03 2.000000000000000096e-04
7.383379999999999200e+03 1.000000000000000048e-04
7.413369999999999891e+03 1.000000000000000048e-04
